20
171 0087894675463649
92 87425153970967993390831896675153851510854781083794529288118964576857047283178102891855976962574675710971584027
204 335498212
2
101
157 36138325509814056284116360672
205 52266698626452
90 4657792635807324354837720297526378517183982130663318441767993667273162151581154568833078842147657012720840483968446450279932334516
185 489437731668051889380494808019998308605322017238185334
190 9529102074196543040963325
144 403420455286144733012394352796117676232438993658729712221550931250841303194844906324788136156913626810108948602023083594977223986502041169240216642530162552975968233385427485675131472718018964836808453936722129133940950121976774689537233792725857619706585846714131638551181612253217
36 47535259024547208982019240866549128223533497184879808355855834278389362293644101374873794784103627966059977206730315221676055275048105254086231825161183825398378241999021760601119976227358281353338615988290370298568412785903703509442264
167 7097501306639266460334251854124701398441264526401775944932032561851537066954595173614023494661949988333225311
111 2636907296373399885646047517304031318176238406483770114869777782538642745151012568233889125626174631927487710326357830166987670817345199561837513121049890870755907
25 646522
173 30112824594327595526379236283733863054755720634395622456658473382016537089827468578466186440548412571221610515303525092317381280436948960142601743842389999840805575879010781899131467875
220 857671336285619706286505259778502070
206 448062369945695105287978047551780633933470173673381071374141684019805955017087536053718898917395302000087903383816560700874774939832281360760911551985292789432111705459321334755294477723140443502005380072257563972493947809649578402865552045222601282789930994492309469352141654770147698835946064815324585555522877368846404626788009261501975204754546844243717958911872956808794759039606795872610542253998760234801819677617489625864819272219684204522313232690092941926218256616690572691607530627540612798710546329112670031169508720597503651412508929468129545146310784328053092871340403641805483642889649081298732122033800925634814498445704989125336724435475323195250510991702765430307806236903626071365562848810666101442405095082913070741350043764590108123272413025874645910344552082757964848163999535616317954203928421315693835330208399766051964651633665123178313806434629994308647682571165130773523173316492602519138190346
224 2487323315219036305119522514586914514992258092515923847091331536327563425076754497614583159414480884501649219370710323252847898226085122496517560821297108819714616754255018516844563766341
119 63155576629807163707985640922769106772917396795739548570858093440561312802733843811003
159 34547389644611849324902048638970235
